MIR181A1HG,1
MIR646HG,1
MIR99AHG,3
