cmd,service¦nginx¦start
./nginx.conf/etc/nginx/nginx.conf :: copy_operation,()
echo ¦echo¦"daemon off;" >> /etc/nginx/nginx.conf :: Filesystem_operation,()
from,nginx
