./httpd.conf/usr/local/apache2/conf/httpd.conf :: copy_operation,()
from,httpd:2.4
