MIR137HG,1
MIR99AHG,5
MIR124.2HG,1
